a0000000001111111ab12222222222333333333344444444445555555555666666666677777777778888888888
012345678901234567890123456789012345678901234567890123456789012345678901234567890123456789
000000000000000000000000000000000000000000000000000000000000000000000000000000000000000000
111111111111111111111111111111111111111111111111111111111111111111111111111111111111111111
222222222222222222222222222222222222222222222222222222222222222222222222222222222222222222
3333333333333333333333333333333aaaaaaaaaaaaaaaaaaaaaaaaaaaaaaaaaaaaaaaaaaaaaaaaaaaaaaaaaaa
444444444444444444444444444444444444444444444444444444444444444444444444444444444444444444
555555555555555555555555555555555555555555555555555555555555555555555555555555555555555555
666666666666666666666666666666666666666666666666666666666666666666666666666666666666666666
777777777777777777777777777777777777777777777777777777777777777777777777777777777777777777
888888888888888888888888888888888888888888888888888888888888888888888888888888888888888888
99999999999999999999999999999999999999999999999999999999999999999999999999999999999999999a